2 1 613 676 822 868 -1 -1 -1 -1 
2 2 778 405 893 506 -1 -1 -1 -1 
2 3 914 512 1055 644 -1 -1 -1 -1 
2 4 863 346 950 419 -1 -1 -1 -1 
3 1 611 667 826 865 -1 -1 -1 -1 
3 2 782 402 894 502 -1 -1 -1 -1 
3 3 913 505 1054 636 -1 -1 -1 -1 
3 4 865 343 953 417 -1 -1 -1 -1 
4 1 619 661 824 849 -1 -1 -1 -1 
4 2 784 400 897 500 -1 -1 -1 -1 
4 3 913 501 1053 631 -1 -1 -1 -1 
4 4 868 342 954 415 -1 -1 -1 -1 
4 6 268 436 380 544 -1 -1 -1 -1 
5 1 619 652 821 838 -1 -1 -1 -1 
5 2 787 398 899 497 -1 -1 -1 -1 
5 3 920 499 1045 616 -1 -1 -1 -1 
5 4 871 341 955 412 -1 -1 -1 -1 
5 6 270 441 376 544 -1 -1 -1 -1 
6 1 626 645 815 818 -1 -1 -1 -1 
6 2 786 391 902 494 -1 -1 -1 -1 
6 3 919 494 1048 614 -1 -1 -1 -1 
6 4 874 340 958 411 -1 -1 -1 -1 
6 6 250 447 352 546 -1 -1 -1 -1 
7 1 630 638 812 804 -1 -1 -1 -1 
7 2 789 390 902 489 -1 -1 -1 -1 
7 3 921 493 1046 608 -1 -1 -1 -1 
7 4 875 337 959 409 -1 -1 -1 -1 
7 6 248 451 347 547 -1 -1 -1 -1 
7 7 257 393 338 458 -1 -1 -1 -1 
8 1 631 630 815 798 -1 -1 -1 -1 
8 2 790 386 904 486 -1 -1 -1 -1 
8 3 921 488 1045 602 -1 -1 -1 -1 
8 4 878 336 959 405 -1 -1 -1 -1 
8 6 246 451 347 549 -1 -1 -1 -1 
8 7 255 395 334 457 -1 -1 -1 -1 
9 1 633 622 820 792 -1 -1 -1 -1 
9 2 794 386 904 483 -1 -1 -1 -1 
9 3 920 484 1043 598 -1 -1 -1 -1 
9 4 882 335 959 401 -1 -1 -1 -1 
9 6 247 452 347 550 -1 -1 -1 -1 
9 7 253 396 333 457 -1 -1 -1 -1 
10 1 636 615 819 782 -1 -1 -1 -1 
10 2 795 382 908 480 -1 -1 -1 -1 
10 3 919 480 1042 593 -1 -1 -1 -1 
10 4 885 334 962 399 -1 -1 -1 -1 
10 6 247 454 348 554 -1 -1 -1 -1 
10 7 253 397 332 458 -1 -1 -1 -1 
11 1 640 609 818 771 -1 -1 -1 -1 
11 2 797 378 909 477 -1 -1 -1 -1 
11 3 920 474 1044 588 -1 -1 -1 -1 
11 4 886 332 963 397 -1 -1 -1 -1 
11 6 245 457 348 559 -1 -1 -1 -1 
11 7 251 398 336 463 -1 -1 -1 -1 
12 1 643 603 820 764 -1 -1 -1 -1 
12 2 800 377 912 476 -1 -1 -1 -1 
12 3 922 472 1042 582 -1 -1 -1 -1 
12 4 889 330 965 394 -1 -1 -1 -1 
12 6 248 461 341 553 -1 -1 -1 -1 
12 7 248 399 337 468 -1 -1 -1 -1 
13 1 644 596 821 757 -1 -1 -1 -1 
13 2 804 376 914 473 -1 -1 -1 -1 
13 3 922 469 1043 579 -1 -1 -1 -1 
13 4 892 328 968 392 -1 -1 -1 -1 
13 6 247 464 337 554 -1 -1 -1 -1 
13 7 245 401 339 472 -1 -1 -1 -1 
14 1 647 592 821 749 -1 -1 -1 -1 
14 2 806 373 917 471 -1 -1 -1 -1 
14 3 922 465 1042 573 -1 -1 -1 -1 
14 4 895 328 969 390 -1 -1 -1 -1 
14 7 243 402 338 474 -1 -1 -1 -1 
15 1 648 585 822 742 -1 -1 -1 -1 
15 2 808 372 917 467 -1 -1 -1 -1 
15 3 923 461 1041 569 -1 -1 -1 -1 
15 4 898 328 972 390 -1 -1 -1 -1 
15 7 236 403 331 477 -1 -1 -1 -1 
16 1 651 579 824 735 -1 -1 -1 -1 
16 2 812 370 919 464 -1 -1 -1 -1 
16 3 923 459 1041 566 -1 -1 -1 -1 
16 4 899 327 973 388 -1 -1 -1 -1 
16 7 232 406 328 482 -1 -1 -1 -1 
17 1 656 575 823 724 -1 -1 -1 -1 
17 2 814 368 920 461 -1 -1 -1 -1 
17 3 925 454 1042 560 -1 -1 -1 -1 
17 4 900 323 978 388 -1 -1 -1 -1 
17 7 230 407 327 484 -1 -1 -1 -1 
18 1 657 568 824 717 -1 -1 -1 -1 
18 2 816 366 921 458 -1 -1 -1 -1 
18 3 923 448 1046 561 -1 -1 -1 -1 
18 4 902 322 979 387 -1 -1 -1 -1 
19 1 660 563 824 710 -1 -1 -1 -1 
19 2 819 366 923 457 -1 -1 -1 -1 
19 3 926 445 1046 555 -1 -1 -1 -1 
19 4 903 323 980 387 -1 -1 -1 -1 
20 1 663 558 823 701 -1 -1 -1 -1 
20 2 822 365 924 453 -1 -1 -1 -1 
20 3 927 441 1045 549 -1 -1 -1 -1 
20 4 904 320 983 385 -1 -1 -1 -1 
21 1 664 553 823 695 -1 -1 -1 -1 
21 2 824 365 925 452 -1 -1 -1 -1 
21 3 929 439 1042 542 -1 -1 -1 -1 
21 4 907 319 983 383 -1 -1 -1 -1 
22 1 669 547 823 685 -1 -1 -1 -1 
22 2 827 363 928 450 -1 -1 -1 -1 
22 3 930 436 1043 539 -1 -1 -1 -1 
22 4 911 318 986 381 -1 -1 -1 -1 
23 1 672 541 825 676 -1 -1 -1 -1 
23 2 831 361 930 447 -1 -1 -1 -1 
23 3 930 430 1045 535 -1 -1 -1 -1 
23 4 914 317 988 380 -1 -1 -1 -1 
24 1 673 537 824 670 -1 -1 -1 -1 
24 2 833 361 930 444 -1 -1 -1 -1 
24 3 931 427 1045 533 -1 -1 -1 -1 
24 4 915 315 990 379 -1 -1 -1 -1 
25 1 674 532 825 666 -1 -1 -1 -1 
25 2 835 359 933 442 -1 -1 -1 -1 
25 3 932 425 1045 528 -1 -1 -1 -1 
25 4 918 314 992 377 -1 -1 -1 -1 
26 1 678 527 826 657 -1 -1 -1 -1 
26 2 837 357 936 441 -1 -1 -1 -1 
26 3 935 425 1046 527 -1 -1 -1 -1 
26 4 920 313 994 376 -1 -1 -1 -1 
27 1 682 524 827 651 -1 -1 -1 -1 
27 2 840 356 937 438 -1 -1 -1 -1 
27 3 936 422 1046 524 -1 -1 -1 -1 
27 4 924 312 996 374 -1 -1 -1 -1 
28 1 686 520 830 646 -1 -1 -1 -1 
28 2 842 352 938 434 -1 -1 -1 -1 
28 3 938 419 1046 518 -1 -1 -1 -1 
28 4 924 311 996 372 -1 -1 -1 -1 
29 1 688 517 831 643 -1 -1 -1 -1 
29 2 844 352 940 432 -1 -1 -1 -1 
29 3 941 416 1049 516 -1 -1 -1 -1 
29 4 927 309 998 370 -1 -1 -1 -1 
30 1 690 512 831 635 -1 -1 -1 -1 
30 2 846 350 942 431 -1 -1 -1 -1 
30 3 944 415 1052 514 -1 -1 -1 -1 
30 4 928 310 1001 372 -1 -1 -1 -1 
31 1 692 507 831 628 -1 -1 -1 -1 
31 2 848 348 945 429 -1 -1 -1 -1 
31 3 946 412 1051 508 -1 -1 -1 -1 
31 4 931 309 1003 371 -1 -1 -1 -1 
32 1 694 503 834 624 -1 -1 -1 -1 
32 2 850 346 946 427 -1 -1 -1 -1 
32 3 946 409 1053 506 -1 -1 -1 -1 
32 4 933 308 1005 370 -1 -1 -1 -1 
33 1 697 498 833 616 -1 -1 -1 -1 
33 2 853 346 949 426 -1 -1 -1 -1 
33 3 948 405 1056 504 -1 -1 -1 -1 
33 4 936 307 1006 367 -1 -1 -1 -1 
34 1 700 495 835 612 -1 -1 -1 -1 
34 2 857 345 950 422 -1 -1 -1 -1 
34 3 950 402 1058 500 -1 -1 -1 -1 
34 4 939 307 1009 366 -1 -1 -1 -1 
35 1 704 490 838 604 -1 -1 -1 -1 
35 2 859 342 953 420 -1 -1 -1 -1 
35 3 952 400 1059 496 -1 -1 -1 -1 
35 4 942 306 1010 364 -1 -1 -1 -1 
36 1 705 485 841 602 -1 -1 -1 -1 
36 2 861 341 956 419 -1 -1 -1 -1 
36 3 954 399 1058 492 -1 -1 -1 -1 
36 4 943 303 1015 365 -1 -1 -1 -1 
37 1 708 481 846 598 -1 -1 -1 -1 
37 2 862 339 958 417 -1 -1 -1 -1 
37 3 957 397 1062 489 -1 -1 -1 -1 
37 4 945 302 1016 362 -1 -1 -1 -1 
37 8 491 977 964 1077 -1 -1 -1 -1 
38 1 710 477 850 597 -1 -1 -1 -1 
38 2 866 339 961 417 -1 -1 -1 -1 
38 3 959 392 1062 484 -1 -1 -1 -1 
38 4 946 301 1016 360 -1 -1 -1 -1 
38 8 458 961 994 1076 -1 -1 -1 -1 
39 1 713 474 849 591 -1 -1 -1 -1 
39 2 868 337 963 417 -1 -1 -1 -1 
39 3 960 389 1064 481 -1 -1 -1 -1 
39 4 948 298 1021 359 -1 -1 -1 -1 
39 8 422 941 1035 1076 -1 -1 -1 -1 
40 1 715 469 848 583 -1 -1 -1 -1 
40 2 871 336 965 415 -1 -1 -1 -1 
40 3 962 386 1067 480 -1 -1 -1 -1 
40 4 951 297 1023 358 -1 -1 -1 -1 
40 8 393 924 1065 1077 -1 -1 -1 -1 
41 1 716 461 849 575 -1 -1 -1 -1 
41 2 874 335 965 411 -1 -1 -1 -1 
41 3 966 384 1070 477 -1 -1 -1 -1 
41 4 953 296 1026 358 -1 -1 -1 -1 
41 8 368 907 1087 1076 -1 -1 -1 -1 
42 1 719 460 850 571 -1 -1 -1 -1 
42 2 878 334 967 409 -1 -1 -1 -1 
42 3 968 382 1072 474 -1 -1 -1 -1 
42 4 955 297 1027 358 -1 -1 -1 -1 
42 8 342 886 1115 1076 -1 -1 -1 -1 
42 9 1030 980 1487 1075 -1 -1 -1 -1 
43 1 721 457 851 568 -1 -1 -1 -1 
43 2 881 333 968 406 -1 -1 -1 -1 
43 3 971 381 1073 471 -1 -1 -1 -1 
43 4 956 297 1028 357 -1 -1 -1 -1 
43 8 335 872 1122 1074 -1 -1 -1 -1 
43 9 999 963 1528 1075 -1 -1 -1 -1 
44 1 723 455 852 564 -1 -1 -1 -1 
44 2 884 334 969 404 -1 -1 -1 -1 
44 3 973 379 1075 469 -1 -1 -1 -1 
44 4 959 297 1029 354 -1 -1 -1 -1 
44 8 332 858 1127 1073 -1 -1 -1 -1 
44 9 949 948 1538 1075 -1 -1 -1 -1 
45 1 726 453 851 559 -1 -1 -1 -1 
45 2 887 333 971 402 -1 -1 -1 -1 
45 3 976 379 1073 465 -1 -1 -1 -1 
45 4 962 295 1031 352 -1 -1 -1 -1 
45 8 329 842 1134 1072 -1 -1 -1 -1 
45 9 907 932 1554 1075 -1 -1 -1 -1 
46 1 731 451 854 555 -1 -1 -1 -1 
46 2 887 329 975 401 -1 -1 -1 -1 
46 3 979 376 1075 462 -1 -1 -1 -1 
46 4 963 295 1031 351 -1 -1 -1 -1 
46 8 327 828 1138 1073 -1 -1 -1 -1 
46 9 878 918 1563 1075 -1 -1 -1 -1 
47 1 733 449 856 553 -1 -1 -1 -1 
47 2 889 327 978 400 -1 -1 -1 -1 
47 3 982 374 1078 459 -1 -1 -1 -1 
47 4 965 294 1032 349 -1 -1 -1 -1 
47 8 325 810 1142 1073 -1 -1 -1 -1 
47 9 852 903 1573 1075 -1 -1 -1 -1 
48 1 735 445 859 549 -1 -1 -1 -1 
48 2 894 328 980 398 -1 -1 -1 -1 
48 3 985 374 1080 458 -1 -1 -1 -1 
48 4 967 291 1038 350 -1 -1 -1 -1 
48 8 302 795 1165 1073 -1 -1 -1 -1 
48 9 832 891 1576 1075 -1 -1 -1 -1 
49 1 737 442 860 545 -1 -1 -1 -1 
49 2 897 326 982 394 -1 -1 -1 -1 
49 3 987 374 1082 457 -1 -1 -1 -1 
49 4 970 292 1039 349 -1 -1 -1 -1 
49 9 813 877 1580 1076 -1 -1 -1 -1 
50 1 741 441 860 540 -1 -1 -1 -1 
50 2 897 321 984 392 -1 -1 -1 -1 
50 3 987 370 1083 455 -1 -1 -1 -1 
50 4 973 291 1042 349 -1 -1 -1 -1 
50 9 805 866 1574 1076 -1 -1 -1 -1 
50 10 613 775 856 1032 -1 -1 -1 -1 
51 1 743 437 862 536 -1 -1 -1 -1 
51 2 899 320 986 390 -1 -1 -1 -1 
51 3 990 369 1086 454 -1 -1 -1 -1 
51 4 976 290 1045 348 -1 -1 -1 -1 
51 9 793 851 1570 1074 -1 -1 -1 -1 
51 10 625 764 844 995 -1 -1 -1 -1 
52 1 745 435 863 533 -1 -1 -1 -1 
52 2 902 318 990 390 -1 -1 -1 -1 
52 3 990 366 1087 452 -1 -1 -1 -1 
52 4 977 289 1045 347 -1 -1 -1 -1 
52 9 792 839 1559 1072 -1 -1 -1 -1 
52 10 626 749 842 975 -1 -1 -1 -1 
53 1 744 432 865 532 -1 -1 -1 -1 
53 2 903 317 991 390 -1 -1 -1 -1 
53 3 994 365 1087 448 -1 -1 -1 -1 
53 4 979 287 1048 346 -1 -1 -1 -1 
53 9 804 827 1531 1060 -1 -1 -1 -1 
53 10 625 739 841 966 -1 -1 -1 -1 
54 1 748 429 866 526 -1 -1 -1 -1 
54 2 905 314 995 388 -1 -1 -1 -1 
54 3 997 363 1087 443 -1 -1 -1 -1 
54 4 980 286 1048 344 -1 -1 -1 -1 
54 9 826 816 1497 1042 -1 -1 -1 -1 
54 10 623 726 840 953 -1 -1 -1 -1 
55 1 751 428 867 522 -1 -1 -1 -1 
55 2 908 313 998 387 -1 -1 -1 -1 
55 3 999 360 1089 439 -1 -1 -1 -1 
55 4 982 285 1050 343 -1 -1 -1 -1 
55 9 843 804 1466 1024 -1 -1 -1 -1 
55 10 627 718 838 938 -1 -1 -1 -1 
56 1 756 426 868 516 -1 -1 -1 -1 
56 2 911 311 1000 386 -1 -1 -1 -1 
56 3 1003 358 1093 437 -1 -1 -1 -1 
56 4 985 286 1053 343 -1 -1 -1 -1 
56 9 857 793 1440 1009 -1 -1 -1 -1 
56 10 632 710 836 921 -1 -1 -1 -1 
57 1 759 423 870 513 -1 -1 -1 -1 
57 2 914 311 1002 386 -1 -1 -1 -1 
57 3 1005 356 1097 437 -1 -1 -1 -1 
57 4 987 285 1053 342 -1 -1 -1 -1 
57 9 872 781 1413 992 -1 -1 -1 -1 
57 10 635 701 832 903 -1 -1 -1 -1 
58 1 762 417 874 507 -1 -1 -1 -1 
58 2 918 311 1004 384 -1 -1 -1 -1 
58 3 1006 354 1097 435 -1 -1 -1 -1 
58 4 990 285 1057 341 -1 -1 -1 -1 
58 9 886 773 1388 977 -1 -1 -1 -1 
58 10 639 691 833 889 -1 -1 -1 -1 
59 1 764 418 874 506 -1 -1 -1 -1 
59 2 920 309 1005 381 -1 -1 -1 -1 
59 3 1008 352 1099 433 -1 -1 -1 -1 
59 4 992 284 1059 340 -1 -1 -1 -1 
59 9 896 763 1369 964 -1 -1 -1 -1 
59 10 639 680 835 879 -1 -1 -1 -1 
60 1 765 413 878 504 -1 -1 -1 -1 
60 2 923 309 1006 380 -1 -1 -1 -1 
60 3 1010 350 1101 430 -1 -1 -1 -1 
60 4 993 283 1060 339 -1 -1 -1 -1 
60 7 429 327 527 407 -1 -1 -1 -1 
60 9 907 754 1345 949 -1 -1 -1 -1 
60 10 641 670 834 866 -1 -1 -1 -1 
61 1 766 408 882 503 -1 -1 -1 -1 
61 2 926 308 1006 375 -1 -1 -1 -1 
61 3 1014 350 1103 428 -1 -1 -1 -1 
61 4 996 283 1060 338 -1 -1 -1 -1 
61 7 430 325 528 406 -1 -1 -1 -1 
61 9 915 745 1329 936 -1 -1 -1 -1 
61 10 642 663 833 856 -1 -1 -1 -1 
62 1 770 407 883 499 -1 -1 -1 -1 
62 2 928 305 1010 374 -1 -1 -1 -1 
62 3 1017 352 1103 428 -1 -1 -1 -1 
62 4 998 281 1062 336 -1 -1 -1 -1 
62 7 429 328 526 408 -1 -1 -1 -1 
62 9 922 734 1315 923 -1 -1 -1 -1 
62 10 644 655 832 843 -1 -1 -1 -1 
63 1 773 405 884 495 -1 -1 -1 -1 
63 2 931 305 1010 372 -1 -1 -1 -1 
63 3 1018 348 1108 427 -1 -1 -1 -1 
63 4 1000 280 1063 335 -1 -1 -1 -1 
63 7 423 330 518 409 -1 -1 -1 -1 
63 9 928 727 1299 911 -1 -1 -1 -1 
63 10 646 646 833 833 -1 -1 -1 -1 
64 1 774 403 885 493 -1 -1 -1 -1 
64 2 932 304 1011 371 -1 -1 -1 -1 
64 3 1018 344 1108 424 -1 -1 -1 -1 
64 4 1003 278 1066 333 -1 -1 -1 -1 
64 7 421 330 517 412 -1 -1 -1 -1 
64 9 930 718 1282 899 -1 -1 -1 -1 
64 10 650 638 826 813 -1 -1 -1 -1 
65 1 779 402 886 488 -1 -1 -1 -1 
65 2 934 303 1013 370 -1 -1 -1 -1 
65 3 1022 345 1111 423 -1 -1 -1 -1 
65 4 1005 277 1068 332 -1 -1 -1 -1 
65 7 419 331 516 414 -1 -1 -1 -1 
65 9 933 710 1273 889 -1 -1 -1 -1 
65 10 652 633 826 805 -1 -1 -1 -1 
66 1 783 398 888 483 -1 -1 -1 -1 
66 2 936 302 1016 369 -1 -1 -1 -1 
66 3 1024 342 1113 420 -1 -1 -1 -1 
66 7 417 331 515 416 -1 -1 -1 -1 
66 9 937 702 1261 878 -1 -1 -1 -1 
66 10 655 624 827 792 -1 -1 -1 -1 
67 1 785 396 891 481 -1 -1 -1 -1 
67 2 940 303 1016 366 -1 -1 -1 -1 
67 3 1026 338 1112 414 -1 -1 -1 -1 
67 7 407 331 509 420 -1 -1 -1 -1 
67 9 941 695 1245 864 -1 -1 -1 -1 
67 10 659 617 826 780 -1 -1 -1 -1 
68 1 791 394 891 473 -1 -1 -1 -1 
68 2 944 301 1019 363 -1 -1 -1 -1 
68 3 1029 340 1113 413 -1 -1 -1 -1 
68 7 402 334 503 421 -1 -1 -1 -1 
68 9 940 686 1240 858 -1 -1 -1 -1 
68 10 661 609 829 772 -1 -1 -1 -1 
69 1 793 393 892 470 -1 -1 -1 -1 
69 2 948 301 1024 363 -1 -1 -1 -1 
69 3 1030 336 1114 409 -1 -1 -1 -1 
69 7 400 334 502 422 -1 -1 -1 -1 
69 9 943 679 1229 845 -1 -1 -1 -1 
69 10 662 603 829 764 -1 -1 -1 -1 
70 1 795 391 895 468 -1 -1 -1 -1 
70 2 951 300 1026 361 -1 -1 -1 -1 
70 3 1035 339 1113 406 -1 -1 -1 -1 
70 9 943 670 1223 837 -1 -1 -1 -1 
70 10 662 592 833 757 -1 -1 -1 -1 
71 1 797 390 900 469 -1 -1 -1 -1 
71 2 953 300 1025 359 -1 -1 -1 -1 
71 3 1034 337 1112 403 -1 -1 -1 -1 
71 7 381 346 475 427 -1 -1 -1 -1 
71 9 943 662 1216 829 -1 -1 -1 -1 
71 10 663 584 834 750 -1 -1 -1 -1 
72 1 797 387 904 470 -1 -1 -1 -1 
72 2 953 297 1029 359 -1 -1 -1 -1 
72 3 1033 333 1113 401 -1 -1 -1 -1 
72 7 376 347 471 430 -1 -1 -1 -1 
72 9 946 655 1208 818 -1 -1 -1 -1 
72 10 665 578 836 743 -1 -1 -1 -1 
73 1 798 383 907 468 -1 -1 -1 -1 
73 2 955 296 1030 357 -1 -1 -1 -1 
73 3 1034 329 1116 399 -1 -1 -1 -1 
73 7 373 347 467 430 -1 -1 -1 -1 
73 9 948 651 1197 808 -1 -1 -1 -1 
73 10 667 570 840 737 -1 -1 -1 -1 
74 1 801 380 908 464 -1 -1 -1 -1 
74 2 957 295 1031 355 -1 -1 -1 -1 
74 3 1037 328 1118 398 -1 -1 -1 -1 
74 7 372 347 468 432 -1 -1 -1 -1 
74 9 950 645 1191 800 -1 -1 -1 -1 
74 10 671 565 839 728 -1 -1 -1 -1 
75 1 804 379 910 461 -1 -1 -1 -1 
75 2 960 295 1035 356 -1 -1 -1 -1 
75 3 1039 328 1116 396 -1 -1 -1 -1 
75 7 371 348 466 433 -1 -1 -1 -1 
75 9 950 639 1186 793 -1 -1 -1 -1 
75 10 674 563 838 722 -1 -1 -1 -1 
76 1 806 376 912 459 -1 -1 -1 -1 
76 2 963 295 1037 356 -1 -1 -1 -1 
76 3 1041 327 1121 396 -1 -1 -1 -1 
76 7 371 349 465 434 -1 -1 -1 -1 
76 9 950 634 1181 787 -1 -1 -1 -1 
76 10 678 560 836 713 -1 -1 -1 -1 
77 1 808 373 915 457 -1 -1 -1 -1 
77 2 963 293 1039 355 -1 -1 -1 -1 
77 3 1042 325 1120 392 -1 -1 -1 -1 
77 7 371 352 461 434 -1 -1 -1 -1 
77 9 950 627 1174 776 -1 -1 -1 -1 
77 10 680 555 835 704 -1 -1 -1 -1 
77 11 1076 992 1552 1075 -1 -1 -1 -1 
78 1 812 373 915 454 -1 -1 -1 -1 
78 2 965 290 1043 355 -1 -1 -1 -1 
78 3 1044 323 1121 389 -1 -1 -1 -1 
78 7 369 355 459 437 -1 -1 -1 -1 
78 9 951 619 1168 766 -1 -1 -1 -1 
78 10 684 549 836 695 -1 -1 -1 -1 
78 11 1026 976 1587 1076 -1 -1 -1 -1 
79 1 814 371 916 451 -1 -1 -1 -1 
79 2 968 289 1044 352 -1 -1 -1 -1 
79 7 368 356 454 437 -1 -1 -1 -1 
79 9 949 614 1166 763 -1 -1 -1 -1 
79 10 686 543 835 686 -1 -1 -1 -1 
79 11 991 961 1612 1074 -1 -1 -1 -1 
79 12 541 975 897 1076 -1 -1 -1 -1 
80 1 817 369 917 448 -1 -1 -1 -1 
80 2 970 288 1046 351 -1 -1 -1 -1 
80 7 366 358 452 438 -1 -1 -1 -1 
80 9 949 609 1161 756 -1 -1 -1 -1 
80 10 691 540 834 675 -1 -1 -1 -1 
80 11 949 945 1641 1075 -1 -1 -1 -1 
80 12 514 957 926 1076 -1 -1 -1 -1 
81 1 822 367 919 443 -1 -1 -1 -1 
81 2 972 288 1047 350 -1 -1 -1 -1 
81 3 1048 317 1129 387 -1 -1 -1 -1 
81 9 947 604 1156 751 -1 -1 -1 -1 
81 10 692 535 835 669 -1 -1 -1 -1 
81 11 914 930 1660 1075 -1 -1 -1 -1 
81 12 479 937 953 1076 -1 -1 -1 -1 
82 1 826 366 919 438 -1 -1 -1 -1 
82 2 974 287 1050 349 -1 -1 -1 -1 
82 3 1050 315 1131 385 -1 -1 -1 -1 
82 9 946 600 1151 744 -1 -1 -1 -1 
82 10 692 530 839 667 -1 -1 -1 -1 
82 11 889 917 1670 1075 -1 -1 -1 -1 
82 12 457 921 971 1076 -1 -1 -1 -1 
83 1 828 365 922 438 -1 -1 -1 -1 
83 9 947 595 1145 736 -1 -1 -1 -1 
83 10 695 526 837 658 -1 -1 -1 -1 
83 11 866 904 1677 1076 -1 -1 -1 -1 
83 12 438 904 992 1076 -1 -1 -1 -1 
84 1 830 363 926 438 -1 -1 -1 -1 
84 2 979 285 1054 347 -1 -1 -1 -1 
84 9 947 590 1140 728 -1 -1 -1 -1 
84 10 699 523 838 651 -1 -1 -1 -1 
84 11 851 893 1674 1075 -1 -1 -1 -1 
84 12 419 885 1012 1076 -1 -1 -1 -1 
85 1 831 362 930 438 -1 -1 -1 -1 
85 2 982 284 1056 345 -1 -1 -1 -1 
85 9 945 585 1138 724 -1 -1 -1 -1 
85 10 701 519 839 645 -1 -1 -1 -1 
85 11 837 879 1672 1074 -1 -1 -1 -1 
85 12 410 871 1020 1077 -1 -1 -1 -1 
86 1 834 360 932 436 -1 -1 -1 -1 
86 9 947 581 1133 716 -1 -1 -1 -1 
86 10 701 515 840 641 -1 -1 -1 -1 
86 11 824 868 1670 1076 -1 -1 -1 -1 
86 12 405 855 1029 1075 -1 -1 -1 -1 
87 1 836 358 934 434 -1 -1 -1 -1 
87 2 984 283 1058 345 -1 -1 -1 -1 
87 9 946 578 1130 711 -1 -1 -1 -1 
87 10 703 511 842 638 -1 -1 -1 -1 
87 11 818 857 1661 1076 -1 -1 -1 -1 
87 12 402 839 1035 1073 -1 -1 -1 -1 
88 1 842 356 935 428 -1 -1 -1 -1 
88 2 989 284 1061 344 -1 -1 -1 -1 
88 7 300 369 405 465 -1 -1 -1 -1 
88 9 944 569 1128 703 -1 -1 -1 -1 
88 10 706 504 844 630 -1 -1 -1 -1 
88 11 818 845 1646 1073 -1 -1 -1 -1 
88 12 399 824 1035 1072 -1 -1 -1 -1 
89 1 844 355 937 426 -1 -1 -1 -1 
89 2 991 283 1063 343 -1 -1 -1 -1 
89 7 293 373 398 467 -1 -1 -1 -1 
89 9 941 563 1127 700 -1 -1 -1 -1 
89 10 712 504 841 619 -1 -1 -1 -1 
89 11 825 834 1624 1067 -1 -1 -1 -1 
89 12 401 808 1036 1069 -1 -1 -1 -1 
90 1 848 353 940 424 -1 -1 -1 -1 
90 7 287 375 393 469 -1 -1 -1 -1 
90 9 942 559 1126 696 -1 -1 -1 -1 
90 10 714 494 848 614 -1 -1 -1 -1 
90 11 836 822 1598 1057 -1 -1 -1 -1 
90 12 383 793 1052 1069 -1 -1 -1 -1 
91 1 850 351 942 422 -1 -1 -1 -1 
91 7 280 379 386 471 -1 -1 -1 -1 
91 9 942 557 1121 691 -1 -1 -1 -1 
91 10 716 490 850 609 -1 -1 -1 -1 
91 11 861 812 1559 1040 -1 -1 -1 -1 
92 1 853 350 942 419 -1 -1 -1 -1 
92 7 270 381 380 473 -1 -1 -1 -1 
92 9 942 553 1118 685 -1 -1 -1 -1 
92 10 720 487 853 605 -1 -1 -1 -1 
92 11 882 803 1526 1024 -1 -1 -1 -1 
92 13 601 778 840 1005 -1 -1 -1 -1 
93 1 853 349 943 417 -1 -1 -1 -1 
93 7 255 383 364 477 -1 -1 -1 -1 
93 9 942 548 1112 675 -1 -1 -1 -1 
93 10 722 483 852 598 -1 -1 -1 -1 
93 11 896 791 1498 1009 -1 -1 -1 -1 
93 13 610 767 834 980 -1 -1 -1 -1 
94 1 854 347 946 416 -1 -1 -1 -1 
94 7 251 386 351 474 -1 -1 -1 -1 
94 9 947 545 1111 669 -1 -1 -1 -1 
94 10 723 478 855 595 -1 -1 -1 -1 
94 11 912 782 1469 993 -1 -1 -1 -1 
94 13 613 757 833 967 -1 -1 -1 -1 
95 1 857 346 949 415 -1 -1 -1 -1 
95 7 250 388 344 469 -1 -1 -1 -1 
95 9 945 541 1112 669 -1 -1 -1 -1 
95 10 722 476 860 597 -1 -1 -1 -1 
95 11 924 773 1448 982 -1 -1 -1 -1 
95 13 614 742 833 951 -1 -1 -1 -1 
96 1 859 345 952 415 -1 -1 -1 -1 
96 7 246 387 345 474 -1 -1 -1 -1 
96 9 946 536 1109 661 -1 -1 -1 -1 
96 10 725 471 861 592 -1 -1 -1 -1 
96 11 936 764 1425 968 -1 -1 -1 -1 
96 13 615 730 829 934 -1 -1 -1 -1 
97 1 861 344 953 414 -1 -1 -1 -1 
97 7 242 387 346 479 -1 -1 -1 -1 
97 9 948 533 1105 653 -1 -1 -1 -1 
97 10 726 467 863 589 -1 -1 -1 -1 
97 11 946 757 1406 957 -1 -1 -1 -1 
97 13 620 721 826 918 -1 -1 -1 -1 
98 1 863 343 955 413 -1 -1 -1 -1 
98 7 239 387 345 483 -1 -1 -1 -1 
98 9 948 530 1102 648 -1 -1 -1 -1 
98 10 727 460 869 587 -1 -1 -1 -1 
98 11 958 749 1383 941 -1 -1 -1 -1 
98 13 623 712 824 904 -1 -1 -1 -1 
99 1 868 342 959 410 -1 -1 -1 -1 
99 7 236 386 345 486 -1 -1 -1 -1 
99 9 948 526 1101 645 -1 -1 -1 -1 
99 10 729 453 868 579 -1 -1 -1 -1 
99 11 961 740 1370 933 -1 -1 -1 -1 
99 13 629 703 823 888 -1 -1 -1 -1 
100 1 872 340 959 406 -1 -1 -1 -1 
100 7 235 387 345 489 -1 -1 -1 -1 
100 9 945 523 1102 645 -1 -1 -1 -1 
100 10 733 452 867 573 -1 -1 -1 -1 
100 11 969 733 1355 922 -1 -1 -1 -1 
100 13 632 693 822 874 -1 -1 -1 -1 
101 1 874 338 963 406 -1 -1 -1 -1 
101 7 237 389 345 489 -1 -1 -1 -1 
101 9 942 518 1103 645 -1 -1 -1 -1 
101 10 738 451 865 566 -1 -1 -1 -1 
101 11 975 726 1341 911 -1 -1 -1 -1 
101 13 633 682 824 864 -1 -1 -1 -1 
102 1 877 336 965 404 -1 -1 -1 -1 
102 7 239 392 345 493 -1 -1 -1 -1 
102 9 944 514 1100 638 -1 -1 -1 -1 
102 10 739 449 866 562 -1 -1 -1 -1 
102 11 974 719 1331 905 -1 -1 -1 -1 
102 13 632 673 827 859 -1 -1 -1 -1 
103 1 882 335 968 400 -1 -1 -1 -1 
103 7 235 393 342 495 -1 -1 -1 -1 
103 9 949 511 1093 625 -1 -1 -1 -1 
103 10 744 451 867 561 -1 -1 -1 -1 
103 11 979 712 1318 894 -1 -1 -1 -1 
103 13 636 665 826 847 -1 -1 -1 -1 
103 14 828 994 1342 1075 -1 -1 -1 -1 
104 1 884 333 971 398 -1 -1 -1 -1 
104 2 1091 306 1150 354 -1 -1 -1 -1 
104 7 232 397 337 500 -1 -1 -1 -1 
104 8 903 965 1244 1073 -1 -1 -1 -1 
104 9 947 509 1093 624 -1 -1 -1 -1 
104 10 748 448 869 556 -1 -1 -1 -1 
104 11 982 704 1308 885 -1 -1 -1 -1 
104 13 638 656 826 836 -1 -1 -1 -1 
104 14 797 987 1359 1075 -1 -1 -1 -1 
105 1 886 331 973 396 -1 -1 -1 -1 
105 2 1096 307 1153 352 -1 -1 -1 -1 
105 7 232 400 331 500 -1 -1 -1 -1 
105 8 879 952 1250 1074 -1 -1 -1 -1 
105 9 945 506 1092 623 -1 -1 -1 -1 
105 10 750 445 870 552 -1 -1 -1 -1 
105 11 983 697 1300 877 -1 -1 -1 -1 
105 13 642 648 821 819 -1 -1 -1 -1 
106 1 889 329 974 394 -1 -1 -1 -1 
106 2 1102 309 1158 353 -1 -1 -1 -1 
106 7 208 402 312 505 -1 -1 -1 -1 
106 8 862 938 1255 1075 -1 -1 -1 -1 
106 9 939 502 1097 628 -1 -1 -1 -1 
106 10 753 442 869 545 -1 -1 -1 -1 
106 11 988 691 1289 867 -1 -1 -1 -1 
106 13 645 640 816 802 -1 -1 -1 -1 
107 1 891 328 974 390 -1 -1 -1 -1 
107 7 196 405 303 508 -1 -1 -1 -1 
107 8 838 921 1261 1075 -1 -1 -1 -1 
107 9 942 499 1094 621 -1 -1 -1 -1 
107 10 756 439 869 539 -1 -1 -1 -1 
107 11 989 685 1282 859 -1 -1 -1 -1 
107 13 649 633 816 790 -1 -1 -1 -1 
108 1 894 327 976 388 -1 -1 -1 -1 
108 7 189 407 297 511 -1 -1 -1 -1 
108 8 819 904 1263 1074 -1 -1 -1 -1 
108 9 947 497 1088 611 -1 -1 -1 -1 
108 10 758 436 871 535 -1 -1 -1 -1 
108 11 988 679 1275 854 -1 -1 -1 -1 
108 13 651 626 818 783 -1 -1 -1 -1 
108 15 430 341 524 410 -1 -1 -1 -1 
109 1 896 326 979 387 -1 -1 -1 -1 
109 8 802 889 1260 1073 -1 -1 -1 -1 
109 9 948 493 1085 603 -1 -1 -1 -1 
109 10 761 435 873 532 -1 -1 -1 -1 
109 11 994 673 1262 839 -1 -1 -1 -1 
109 13 655 619 817 770 -1 -1 -1 -1 
109 15 425 341 523 413 -1 -1 -1 -1 
110 1 898 325 982 387 -1 -1 -1 -1 
110 8 781 872 1258 1074 -1 -1 -1 -1 
110 9 946 489 1084 601 -1 -1 -1 -1 
110 10 763 430 876 527 -1 -1 -1 -1 
110 11 994 668 1258 834 -1 -1 -1 -1 
110 13 655 611 820 764 -1 -1 -1 -1 
110 15 423 342 522 415 -1 -1 -1 -1 
111 1 898 323 985 387 -1 -1 -1 -1 
111 8 767 859 1252 1074 -1 -1 -1 -1 
111 9 946 487 1083 599 -1 -1 -1 -1 
111 10 764 426 878 524 -1 -1 -1 -1 
111 11 994 661 1251 825 -1 -1 -1 -1 
111 13 656 604 821 758 -1 -1 -1 -1 
111 15 419 343 520 417 -1 -1 -1 -1 
112 1 900 321 988 387 -1 -1 -1 -1 
112 8 755 845 1242 1073 -1 -1 -1 -1 
112 9 948 484 1080 592 -1 -1 -1 -1 
112 10 766 423 880 521 -1 -1 -1 -1 
112 11 998 656 1242 814 -1 -1 -1 -1 
112 13 658 600 822 751 -1 -1 -1 -1 
112 15 417 344 516 419 -1 -1 -1 -1 
113 1 902 320 990 385 -1 -1 -1 -1 
113 8 747 834 1233 1072 -1 -1 -1 -1 
113 9 944 477 1084 591 -1 -1 -1 -1 
113 10 770 422 878 514 -1 -1 -1 -1 
113 11 996 651 1239 811 -1 -1 -1 -1 
113 13 660 592 824 744 -1 -1 -1 -1 
113 15 406 345 508 422 -1 -1 -1 -1 
114 1 907 319 990 381 -1 -1 -1 -1 
114 8 740 823 1221 1069 -1 -1 -1 -1 
114 9 942 469 1085 587 -1 -1 -1 -1 
114 10 773 419 879 509 -1 -1 -1 -1 
114 11 995 645 1236 806 -1 -1 -1 -1 
114 13 659 582 827 738 -1 -1 -1 -1 
114 15 402 346 506 424 -1 -1 -1 -1 
115 1 911 317 993 378 -1 -1 -1 -1 
115 8 730 810 1212 1069 -1 -1 -1 -1 
115 9 946 466 1080 578 -1 -1 -1 -1 
115 10 775 417 882 507 -1 -1 -1 -1 
115 11 995 640 1233 800 -1 -1 -1 -1 
115 13 664 576 827 728 -1 -1 -1 -1 
116 1 915 316 994 375 -1 -1 -1 -1 
116 8 742 798 1185 1045 -1 -1 -1 -1 
116 9 947 464 1077 572 -1 -1 -1 -1 
116 10 777 416 884 506 -1 -1 -1 -1 
116 11 998 635 1225 789 -1 -1 -1 -1 
116 13 669 571 826 718 -1 -1 -1 -1 
117 1 916 315 996 374 -1 -1 -1 -1 
117 8 749 786 1159 1022 -1 -1 -1 -1 
117 9 948 463 1076 569 -1 -1 -1 -1 
117 10 779 415 885 504 -1 -1 -1 -1 
117 11 997 631 1223 785 -1 -1 -1 -1 
117 13 671 567 826 711 -1 -1 -1 -1 
117 15 376 355 475 430 -1 -1 -1 -1 
118 1 916 315 1000 377 -1 -1 -1 -1 
118 8 752 773 1137 1001 -1 -1 -1 -1 
118 9 948 462 1075 566 -1 -1 -1 -1 
118 10 781 411 888 502 -1 -1 -1 -1 
118 11 1001 627 1218 776 -1 -1 -1 -1 
118 13 674 562 826 704 -1 -1 -1 -1 
118 15 371 356 471 433 -1 -1 -1 -1 
119 1 918 313 1002 376 -1 -1 -1 -1 
119 8 746 762 1130 997 -1 -1 -1 -1 
119 9 948 460 1073 564 -1 -1 -1 -1 
119 10 783 408 890 498 -1 -1 -1 -1 
119 11 998 621 1215 773 -1 -1 -1 -1 
119 13 678 557 827 696 -1 -1 -1 -1 
119 15 369 357 470 435 -1 -1 -1 -1 
120 1 922 312 1003 371 -1 -1 -1 -1 
120 8 744 751 1115 985 -1 -1 -1 -1 
120 9 946 459 1075 566 -1 -1 -1 -1 
120 10 785 405 894 497 -1 -1 -1 -1 
120 11 996 617 1211 768 -1 -1 -1 -1 
120 13 680 551 828 689 -1 -1 -1 -1 
120 15 369 358 469 435 -1 -1 -1 -1 
121 1 925 311 1006 371 -1 -1 -1 -1 
121 8 745 740 1101 970 -1 -1 -1 -1 
121 9 947 458 1074 565 -1 -1 -1 -1 
121 10 788 402 897 493 -1 -1 -1 -1 
121 11 992 613 1209 768 -1 -1 -1 -1 
121 13 683 547 826 679 -1 -1 -1 -1 
121 15 369 361 468 438 -1 -1 -1 -1 
122 1 927 310 1007 369 -1 -1 -1 -1 
122 8 736 729 1100 972 -1 -1 -1 -1 
122 9 948 457 1075 564 -1 -1 -1 -1 
122 10 791 400 897 488 -1 -1 -1 -1 
122 11 994 609 1204 760 -1 -1 -1 -1 
122 13 687 541 826 670 -1 -1 -1 -1 
122 15 370 362 466 438 -1 -1 -1 -1 
123 1 930 309 1010 369 -1 -1 -1 -1 
123 8 744 720 1077 949 -1 -1 -1 -1 
123 9 947 452 1080 565 -1 -1 -1 -1 
123 10 792 398 901 489 -1 -1 -1 -1 
123 11 995 605 1199 752 -1 -1 -1 -1 
123 13 688 537 828 665 -1 -1 -1 -1 
123 15 367 363 462 439 -1 -1 -1 -1 
124 1 932 308 1011 367 -1 -1 -1 -1 
124 8 746 712 1061 932 -1 -1 -1 -1 
124 9 947 450 1081 564 -1 -1 -1 -1 
124 10 793 394 904 488 -1 -1 -1 -1 
124 11 998 603 1193 745 -1 -1 -1 -1 
124 13 690 533 828 660 -1 -1 -1 -1 
124 15 366 366 455 439 -1 -1 -1 -1 
125 1 935 309 1012 366 -1 -1 -1 -1 
125 8 745 703 1048 919 -1 -1 -1 -1 
125 9 950 446 1076 553 -1 -1 -1 -1 
125 10 795 392 904 483 -1 -1 -1 -1 
125 11 998 599 1192 740 -1 -1 -1 -1 
125 13 692 529 830 655 -1 -1 -1 -1 
125 15 362 368 451 440 -1 -1 -1 -1 
126 1 936 308 1014 364 -1 -1 -1 -1 
126 8 749 696 1034 902 -1 -1 -1 -1 
126 9 951 441 1074 547 -1 -1 -1 -1 
126 10 798 389 904 478 -1 -1 -1 -1 
126 11 998 595 1188 734 -1 -1 -1 -1 
126 13 693 523 831 650 -1 -1 -1 -1 
127 1 939 306 1017 363 -1 -1 -1 -1 
127 8 745 682 1028 891 -1 -1 -1 -1 
127 9 950 439 1075 547 -1 -1 -1 -1 
127 10 800 387 906 476 -1 -1 -1 -1 
127 11 1000 591 1185 726 -1 -1 -1 -1 
127 13 695 520 831 645 -1 -1 -1 -1 
128 1 939 305 1019 362 -1 -1 -1 -1 
128 8 745 674 1021 881 -1 -1 -1 -1 
128 9 950 438 1075 546 -1 -1 -1 -1 
128 10 804 385 907 471 -1 -1 -1 -1 
128 11 999 588 1183 722 -1 -1 -1 -1 
128 13 700 516 832 637 -1 -1 -1 -1 
129 1 942 302 1025 361 -1 -1 -1 -1 
129 8 745 667 1012 871 -1 -1 -1 -1 
129 9 951 436 1073 542 -1 -1 -1 -1 
129 10 805 382 910 470 -1 -1 -1 -1 
129 11 994 584 1181 721 -1 -1 -1 -1 
129 13 704 512 833 628 -1 -1 -1 -1 
130 1 946 301 1025 358 -1 -1 -1 -1 
130 8 746 661 1002 860 -1 -1 -1 -1 
130 9 951 433 1075 541 -1 -1 -1 -1 
130 10 807 380 912 469 -1 -1 -1 -1 
130 11 992 580 1181 719 -1 -1 -1 -1 
130 13 707 508 833 621 -1 -1 -1 -1 
130 15 318 374 418 456 -1 -1 -1 -1 
131 1 950 302 1027 357 -1 -1 -1 -1 
131 8 750 654 994 846 -1 -1 -1 -1 
131 9 952 430 1078 541 -1 -1 -1 -1 
131 10 809 379 913 466 -1 -1 -1 -1 
131 11 992 577 1179 716 -1 -1 -1 -1 
131 13 711 505 833 614 -1 -1 -1 -1 
131 15 311 374 415 459 -1 -1 -1 -1 
132 1 952 301 1028 355 -1 -1 -1 -1 
132 8 751 645 986 831 -1 -1 -1 -1 
132 9 952 426 1078 538 -1 -1 -1 -1 
132 10 812 377 914 463 -1 -1 -1 -1 
132 11 991 573 1178 712 -1 -1 -1 -1 
132 13 712 498 839 610 -1 -1 -1 -1 
132 15 305 375 410 461 -1 -1 -1 -1 
133 1 953 300 1029 356 -1 -1 -1 -1 
133 8 753 637 976 815 -1 -1 -1 -1 
133 9 952 423 1078 535 -1 -1 -1 -1 
133 10 815 375 915 460 -1 -1 -1 -1 
133 11 993 570 1175 705 -1 -1 -1 -1 
133 13 718 493 840 601 -1 -1 -1 -1 
133 15 301 380 407 467 -1 -1 -1 -1 
134 1 955 298 1033 355 -1 -1 -1 -1 
134 8 747 630 974 813 -1 -1 -1 -1 
134 9 952 421 1076 532 -1 -1 -1 -1 
134 10 817 373 917 457 -1 -1 -1 -1 
134 11 993 565 1173 699 -1 -1 -1 -1 
134 13 719 488 844 599 -1 -1 -1 -1 
134 15 299 382 404 467 -1 -1 -1 -1 
135 1 956 297 1034 354 -1 -1 -1 -1 
135 8 750 624 966 800 -1 -1 -1 -1 
135 9 955 421 1071 524 -1 -1 -1 -1 
135 10 820 372 918 454 -1 -1 -1 -1 
135 11 992 562 1170 696 -1 -1 -1 -1 
135 13 719 483 847 596 -1 -1 -1 -1 
135 15 293 384 398 468 -1 -1 -1 -1 
136 1 959 297 1035 353 -1 -1 -1 -1 
136 8 748 617 965 796 -1 -1 -1 -1 
136 9 957 421 1069 520 -1 -1 -1 -1 
136 10 822 371 919 452 -1 -1 -1 -1 
136 11 990 560 1168 693 -1 -1 -1 -1 
136 13 721 480 851 595 -1 -1 -1 -1 
136 15 291 389 390 466 -1 -1 -1 -1 
137 1 963 296 1037 351 -1 -1 -1 -1 
137 8 746 610 960 789 -1 -1 -1 -1 
137 9 958 418 1067 515 -1 -1 -1 -1 
137 10 826 369 920 446 -1 -1 -1 -1 
137 11 990 558 1167 691 -1 -1 -1 -1 
137 13 722 476 855 593 -1 -1 -1 -1 
137 15 286 391 385 468 -1 -1 -1 -1 
138 1 965 295 1040 350 -1 -1 -1 -1 
138 8 748 603 954 777 -1 -1 -1 -1 
138 9 958 417 1068 513 -1 -1 -1 -1 
138 10 829 367 920 442 -1 -1 -1 -1 
138 11 988 556 1166 690 -1 -1 -1 -1 
138 13 724 473 855 590 -1 -1 -1 -1 
138 15 263 393 367 476 -1 -1 -1 -1 
139 1 966 294 1042 350 -1 -1 -1 -1 
139 8 750 600 946 766 -1 -1 -1 -1 
139 9 960 416 1069 512 -1 -1 -1 -1 
139 10 831 366 922 440 -1 -1 -1 -1 
139 11 989 553 1166 688 -1 -1 -1 -1 
139 13 725 469 859 589 -1 -1 -1 -1 
139 15 255 395 354 475 -1 -1 -1 -1 
140 1 968 293 1044 349 -1 -1 -1 -1 
140 8 751 595 941 757 -1 -1 -1 -1 
140 9 962 416 1069 510 -1 -1 -1 -1 
140 10 833 366 924 439 -1 -1 -1 -1 
140 11 989 551 1165 685 -1 -1 -1 -1 
140 13 729 464 860 581 -1 -1 -1 -1 
140 15 251 398 347 475 -1 -1 -1 -1 
141 1 969 291 1045 347 -1 -1 -1 -1 
141 8 748 588 938 751 -1 -1 -1 -1 
141 9 962 412 1072 509 -1 -1 -1 -1 
141 10 834 364 927 439 -1 -1 -1 -1 
141 11 992 549 1163 680 -1 -1 -1 -1 
141 13 734 460 861 573 -1 -1 -1 -1 
141 15 248 398 345 477 -1 -1 -1 -1 
142 1 973 291 1045 344 -1 -1 -1 -1 
142 8 746 583 935 746 -1 -1 -1 -1 
142 9 962 408 1074 507 -1 -1 -1 -1 
142 10 835 362 929 438 -1 -1 -1 -1 
142 11 993 546 1162 676 -1 -1 -1 -1 
142 13 737 458 861 568 -1 -1 -1 -1 
142 15 245 398 343 478 -1 -1 -1 -1 
142 17 459 257 619 424 -1 -1 -1 -1 
143 1 975 292 1048 346 -1 -1 -1 -1 
143 8 744 578 931 740 -1 -1 -1 -1 
143 9 960 401 1077 505 -1 -1 -1 -1 
143 10 836 360 929 436 -1 -1 -1 -1 
143 11 991 543 1163 676 -1 -1 -1 -1 
143 13 739 456 861 564 -1 -1 -1 -1 
143 15 242 399 344 484 -1 -1 -1 -1 
143 17 459 250 631 430 -1 -1 -1 -1 
144 1 977 291 1050 345 -1 -1 -1 -1 
144 8 742 572 928 735 -1 -1 -1 -1 
144 9 961 399 1077 503 -1 -1 -1 -1 
144 10 840 358 931 432 -1 -1 -1 -1 
144 11 990 538 1162 673 -1 -1 -1 -1 
144 13 741 452 863 560 -1 -1 -1 -1 
144 15 240 401 343 487 -1 -1 -1 -1 
144 17 445 250 622 436 -1 -1 -1 -1 
145 1 978 288 1054 345 -1 -1 -1 -1 
145 8 743 567 925 727 -1 -1 -1 -1 
145 9 962 396 1078 500 -1 -1 -1 -1 
145 10 843 357 932 430 -1 -1 -1 -1 
145 11 991 536 1162 671 -1 -1 -1 -1 
145 13 748 451 862 551 -1 -1 -1 -1 
145 15 241 403 342 487 -1 -1 -1 -1 
145 17 441 249 623 439 -1 -1 -1 -1 
146 1 982 288 1057 344 -1 -1 -1 -1 
146 8 744 562 924 722 -1 -1 -1 -1 
146 9 961 391 1079 497 -1 -1 -1 -1 
146 10 846 355 935 427 -1 -1 -1 -1 
146 11 991 535 1160 669 -1 -1 -1 -1 
146 13 751 447 864 546 -1 -1 -1 -1 
146 15 242 404 342 487 -1 -1 -1 -1 
147 1 986 288 1058 342 -1 -1 -1 -1 
147 8 745 558 922 716 -1 -1 -1 -1 
147 9 963 390 1078 495 -1 -1 -1 -1 
147 10 847 354 937 427 -1 -1 -1 -1 
147 11 992 534 1155 664 -1 -1 -1 -1 
147 13 754 446 864 541 -1 -1 -1 -1 
147 15 240 405 343 490 -1 -1 -1 -1 
148 1 988 287 1061 341 -1 -1 -1 -1 
148 8 744 554 921 711 -1 -1 -1 -1 
148 9 965 390 1078 493 -1 -1 -1 -1 
148 10 850 352 939 424 -1 -1 -1 -1 
148 11 996 533 1151 656 -1 -1 -1 -1 
148 13 756 442 867 538 -1 -1 -1 -1 
148 15 239 406 345 496 -1 -1 -1 -1 
149 1 989 284 1063 340 -1 -1 -1 -1 
149 8 739 547 923 713 -1 -1 -1 -1 
149 9 966 387 1078 489 -1 -1 -1 -1 
149 10 851 349 941 422 -1 -1 -1 -1 
149 11 995 531 1151 656 -1 -1 -1 -1 
149 13 761 440 868 532 -1 -1 -1 -1 
149 15 236 408 343 500 -1 -1 -1 -1 
150 1 993 285 1065 339 -1 -1 -1 -1 
150 8 740 543 914 699 -1 -1 -1 -1 
150 9 969 388 1074 484 -1 -1 -1 -1 
150 10 854 347 943 419 -1 -1 -1 -1 
150 11 996 527 1151 652 -1 -1 -1 -1 
150 13 763 439 869 529 -1 -1 -1 -1 
150 15 233 410 338 503 -1 -1 -1 -1 
151 1 995 284 1067 338 -1 -1 -1 -1 
151 7 237 414 330 512 -1 -1 -1 -1 
151 8 745 540 905 684 -1 -1 -1 -1 
151 9 970 387 1073 481 -1 -1 -1 -1 
151 10 857 346 945 417 -1 -1 -1 -1 
151 11 996 524 1151 648 -1 -1 -1 -1 
151 13 765 437 869 525 -1 -1 -1 -1 
151 15 229 412 336 506 -1 -1 -1 -1 
152 1 997 283 1069 338 -1 -1 -1 -1 
152 7 241 415 325 509 -1 -1 -1 -1 
152 8 745 535 905 680 -1 -1 -1 -1 
152 9 971 385 1076 481 -1 -1 -1 -1 
152 10 858 346 946 416 -1 -1 -1 -1 
152 11 997 521 1151 646 -1 -1 -1 -1 
152 13 768 435 870 520 -1 -1 -1 -1 
153 1 999 283 1067 334 -1 -1 -1 -1 
153 7 236 420 318 512 -1 -1 -1 -1 
153 8 745 531 902 673 -1 -1 -1 -1 
153 9 973 383 1079 479 -1 -1 -1 -1 
153 10 859 345 947 416 -1 -1 -1 -1 
153 11 998 519 1151 644 -1 -1 -1 -1 
153 13 771 432 872 515 -1 -1 -1 -1 
154 1 1001 282 1069 333 -1 -1 -1 -1 
154 7 237 421 318 512 -1 -1 -1 -1 
154 8 747 527 899 664 -1 -1 -1 -1 
154 9 975 381 1080 477 -1 -1 -1 -1 
154 10 860 344 949 415 -1 -1 -1 -1 
154 11 999 517 1149 639 -1 -1 -1 -1 
154 13 769 423 878 513 -1 -1 -1 -1 
154 15 199 423 305 517 -1 -1 -1 -1 
155 1 1002 281 1071 333 -1 -1 -1 -1 
155 7 235 426 310 515 -1 -1 -1 -1 
155 8 754 527 893 652 -1 -1 -1 -1 
155 9 976 382 1079 475 -1 -1 -1 -1 
155 10 861 342 951 415 -1 -1 -1 -1 
155 11 999 515 1146 636 -1 -1 -1 -1 
155 13 768 419 883 515 -1 -1 -1 -1 
155 15 193 426 301 520 -1 -1 -1 -1 
156 1 1005 280 1073 332 -1 -1 -1 -1 
156 7 236 428 309 515 -1 -1 -1 -1 
156 8 753 521 896 649 -1 -1 -1 -1 
156 9 978 381 1080 473 -1 -1 -1 -1 
156 10 866 341 951 410 -1 -1 -1 -1 
156 11 1001 514 1145 632 -1 -1 -1 -1 
156 13 770 416 884 511 -1 -1 -1 -1 
157 8 751 515 895 644 -1 -1 -1 -1 
157 9 979 379 1081 471 -1 -1 -1 -1 
157 10 869 340 953 408 -1 -1 -1 -1 
157 11 1003 513 1141 626 -1 -1 -1 -1 
157 13 774 415 883 507 -1 -1 -1 -1 
158 8 748 509 894 638 -1 -1 -1 -1 
158 9 981 382 1081 470 -1 -1 -1 -1 
158 10 871 338 955 406 -1 -1 -1 -1 
158 11 1004 512 1142 625 -1 -1 -1 -1 
158 13 777 414 884 504 -1 -1 -1 -1 
159 8 752 508 891 630 -1 -1 -1 -1 
159 9 981 379 1079 465 -1 -1 -1 -1 
159 10 872 336 957 407 -1 -1 -1 -1 
159 11 1003 510 1140 621 -1 -1 -1 -1 
159 13 781 413 885 500 -1 -1 -1 -1 
160 8 752 501 889 622 -1 -1 -1 -1 
160 9 983 378 1079 460 -1 -1 -1 -1 
160 10 873 334 959 406 -1 -1 -1 -1 
160 11 1004 509 1139 618 -1 -1 -1 -1 
160 13 783 412 887 499 -1 -1 -1 -1 
161 8 752 497 890 619 -1 -1 -1 -1 
161 9 983 375 1080 459 -1 -1 -1 -1 
161 10 877 333 960 402 -1 -1 -1 -1 
161 11 1001 505 1142 620 -1 -1 -1 -1 
161 13 784 409 889 498 -1 -1 -1 -1 
162 8 752 497 889 617 -1 -1 -1 -1 
162 9 983 374 1081 458 -1 -1 -1 -1 
162 10 881 332 960 397 -1 -1 -1 -1 
162 11 1001 502 1143 619 -1 -1 -1 -1 
162 13 787 407 889 493 -1 -1 -1 -1 
163 8 750 491 890 614 -1 -1 -1 -1 
163 9 983 373 1082 457 -1 -1 -1 -1 
163 10 887 331 959 391 -1 -1 -1 -1 
163 11 1001 500 1143 617 -1 -1 -1 -1 
163 13 787 405 892 494 -1 -1 -1 -1 
163 19 501 962 927 1077 -1 -1 -1 -1 
164 8 752 486 889 606 -1 -1 -1 -1 
164 9 985 373 1084 457 -1 -1 -1 -1 
164 10 892 329 960 384 -1 -1 -1 -1 
164 11 1003 499 1143 614 -1 -1 -1 -1 
164 13 792 403 894 488 -1 -1 -1 -1 
164 19 465 945 946 1076 -1 -1 -1 -1 
165 8 751 482 891 605 -1 -1 -1 -1 
165 9 987 373 1085 457 -1 -1 -1 -1 
165 10 893 327 963 383 -1 -1 -1 -1 
165 11 1001 495 1145 614 -1 -1 -1 -1 
165 13 796 400 896 485 -1 -1 -1 -1 
165 19 432 923 980 1076 -1 -1 -1 -1 
166 8 752 480 893 603 -1 -1 -1 -1 
166 9 987 372 1087 457 -1 -1 -1 -1 
166 10 894 326 967 384 -1 -1 -1 -1 
166 11 1000 493 1147 616 -1 -1 -1 -1 
166 13 795 398 899 485 -1 -1 -1 -1 
166 19 402 902 1011 1077 -1 -1 -1 -1 
167 8 752 476 896 602 -1 -1 -1 -1 
167 9 988 370 1087 455 -1 -1 -1 -1 
167 10 895 324 969 382 -1 -1 -1 -1 
167 11 1001 491 1149 616 -1 -1 -1 -1 
167 13 797 395 899 482 -1 -1 -1 -1 
167 19 373 878 1041 1076 -1 -1 -1 -1 
168 8 754 472 900 601 -1 -1 -1 -1 
168 9 987 367 1088 454 -1 -1 -1 -1 
168 10 895 323 974 385 -1 -1 -1 -1 
168 11 1000 489 1151 617 -1 -1 -1 -1 
168 13 799 393 901 479 -1 -1 -1 -1 
168 19 366 866 1048 1076 -1 -1 -1 -1 
169 8 754 467 902 599 -1 -1 -1 -1 
169 9 990 367 1086 449 -1 -1 -1 -1 
169 10 896 323 976 385 -1 -1 -1 -1 
169 11 1003 488 1148 611 -1 -1 -1 -1 
169 13 800 391 901 476 -1 -1 -1 -1 
169 17 263 264 497 519 -1 -1 -1 -1 
169 19 355 849 1060 1075 -1 -1 -1 -1 
170 8 753 462 903 596 -1 -1 -1 -1 
170 9 991 363 1089 447 -1 -1 -1 -1 
170 10 900 321 975 379 -1 -1 -1 -1 
170 11 1006 487 1148 608 -1 -1 -1 -1 
170 13 800 388 904 476 -1 -1 -1 -1 
170 17 255 265 492 523 -1 -1 -1 -1 
170 19 356 839 1062 1076 -1 -1 -1 -1 
171 8 754 458 898 587 -1 -1 -1 -1 
171 9 995 361 1090 442 -1 -1 -1 -1 
171 10 900 320 980 382 -1 -1 -1 -1 
171 11 1008 485 1148 606 -1 -1 -1 -1 
171 13 803 385 908 475 -1 -1 -1 -1 
171 17 249 275 480 530 -1 -1 -1 -1 
171 19 353 823 1069 1075 -1 -1 -1 -1 
172 8 757 456 893 578 -1 -1 -1 -1 
172 9 996 359 1092 440 -1 -1 -1 -1 
172 10 904 319 981 379 -1 -1 -1 -1 
172 11 1009 485 1148 603 -1 -1 -1 -1 
172 13 805 385 909 474 -1 -1 -1 -1 
172 17 244 277 481 542 -1 -1 -1 -1 
172 19 352 807 1072 1073 -1 -1 -1 -1 
173 8 758 454 891 573 -1 -1 -1 -1 
173 9 996 357 1094 441 -1 -1 -1 -1 
173 10 905 319 983 379 -1 -1 -1 -1 
173 11 1011 483 1149 602 -1 -1 -1 -1 
173 13 806 382 911 472 -1 -1 -1 -1 
173 17 246 292 472 545 -1 -1 -1 -1 
173 19 350 789 1075 1072 -1 -1 -1 -1 
174 8 762 452 885 562 -1 -1 -1 -1 
174 9 997 356 1095 439 -1 -1 -1 -1 
174 10 908 317 986 377 -1 -1 -1 -1 
174 11 1013 482 1151 600 -1 -1 -1 -1 
174 13 806 379 913 472 -1 -1 -1 -1 
174 17 239 319 437 546 -1 -1 -1 -1 
174 19 361 777 1065 1067 -1 -1 -1 -1 
175 8 765 451 884 555 -1 -1 -1 -1 
175 9 999 354 1096 436 -1 -1 -1 -1 
175 10 910 315 988 375 -1 -1 -1 -1 
175 11 1014 481 1155 601 -1 -1 -1 -1 
175 13 808 378 914 470 -1 -1 -1 -1 
175 17 232 325 428 550 -1 -1 -1 -1 
175 19 378 764 1049 1055 -1 -1 -1 -1 
176 8 768 447 883 548 -1 -1 -1 -1 
176 9 999 351 1098 434 -1 -1 -1 -1 
176 10 912 313 991 373 -1 -1 -1 -1 
176 11 1015 479 1158 599 -1 -1 -1 -1 
176 13 812 375 913 463 -1 -1 -1 -1 
176 19 392 755 1037 1050 -1 -1 -1 -1 
177 8 768 444 886 547 -1 -1 -1 -1 
177 9 1001 349 1099 432 -1 -1 -1 -1 
177 10 915 312 993 372 -1 -1 -1 -1 
177 11 1017 477 1159 598 -1 -1 -1 -1 
177 13 814 373 916 462 -1 -1 -1 -1 
177 19 413 742 1017 1034 -1 -1 -1 -1 
178 8 769 443 888 546 -1 -1 -1 -1 
178 9 1002 348 1096 428 -1 -1 -1 -1 
178 10 917 311 994 371 -1 -1 -1 -1 
178 11 1018 476 1162 598 -1 -1 -1 -1 
178 13 817 372 915 456 -1 -1 -1 -1 
178 19 433 732 998 1018 -1 -1 -1 -1 
179 8 771 440 888 542 -1 -1 -1 -1 
179 9 1003 347 1099 429 -1 -1 -1 -1 
179 10 920 310 996 369 -1 -1 -1 -1 
179 11 1017 472 1167 599 -1 -1 -1 -1 
179 13 823 370 914 449 -1 -1 -1 -1 
179 19 451 718 981 1002 -1 -1 -1 -1 
180 8 773 438 887 536 -1 -1 -1 -1 
180 9 1005 346 1098 425 -1 -1 -1 -1 
180 10 921 309 998 369 -1 -1 -1 -1 
180 11 1019 469 1169 598 -1 -1 -1 -1 
180 13 825 369 917 448 -1 -1 -1 -1 
180 19 471 710 966 987 -1 -1 -1 -1 
181 8 776 437 886 531 -1 -1 -1 -1 
181 9 1006 344 1099 423 -1 -1 -1 -1 
181 10 923 308 999 367 -1 -1 -1 -1 
181 11 1021 467 1170 596 -1 -1 -1 -1 
181 13 826 368 917 446 -1 -1 -1 -1 
181 19 489 698 949 967 -1 -1 -1 -1 
182 8 778 431 888 525 -1 -1 -1 -1 
182 9 1009 342 1101 421 -1 -1 -1 -1 
182 10 925 307 1001 366 -1 -1 -1 -1 
182 11 1023 467 1171 595 -1 -1 -1 -1 
182 13 829 366 919 443 -1 -1 -1 -1 
182 19 501 684 941 953 -1 -1 -1 -1 
183 8 779 428 889 523 -1 -1 -1 -1 
183 9 1011 341 1101 418 -1 -1 -1 -1 
183 10 928 307 1003 365 -1 -1 -1 -1 
183 11 1029 467 1166 584 -1 -1 -1 -1 
183 13 833 366 920 441 -1 -1 -1 -1 
183 19 515 675 932 940 -1 -1 -1 -1 
184 8 778 424 892 522 -1 -1 -1 -1 
184 9 1013 339 1101 415 -1 -1 -1 -1 
184 10 930 307 1003 363 -1 -1 -1 -1 
184 11 1029 464 1168 583 -1 -1 -1 -1 
184 13 837 364 921 436 -1 -1 -1 -1 
184 19 527 662 922 923 -1 -1 -1 -1 
185 8 781 422 891 516 -1 -1 -1 -1 
185 9 1015 338 1102 413 -1 -1 -1 -1 
185 10 933 307 1004 362 -1 -1 -1 -1 
185 11 1031 462 1171 581 -1 -1 -1 -1 
185 13 839 362 923 434 -1 -1 -1 -1 
185 19 544 658 911 910 -1 -1 -1 -1 
186 8 783 418 891 511 -1 -1 -1 -1 
186 9 1017 337 1104 412 -1 -1 -1 -1 
186 10 933 306 1007 362 -1 -1 -1 -1 
186 11 1036 460 1171 575 -1 -1 -1 -1 
186 13 841 361 925 432 -1 -1 -1 -1 
186 19 554 646 907 897 -1 -1 -1 -1 
187 8 785 415 894 509 -1 -1 -1 -1 
187 9 1019 336 1105 410 -1 -1 -1 -1 
187 10 936 305 1011 362 -1 -1 -1 -1 
187 11 1037 459 1173 574 -1 -1 -1 -1 
187 13 844 359 927 429 -1 -1 -1 -1 
187 19 566 640 899 884 -1 -1 -1 -1 
188 8 788 414 895 505 -1 -1 -1 -1 
188 9 1021 337 1108 411 -1 -1 -1 -1 
188 10 937 304 1015 363 -1 -1 -1 -1 
188 11 1039 457 1176 574 -1 -1 -1 -1 
188 13 847 357 931 430 -1 -1 -1 -1 
188 19 578 634 890 870 -1 -1 -1 -1 
189 8 790 413 896 503 -1 -1 -1 -1 
189 9 1023 336 1109 409 -1 -1 -1 -1 
189 10 939 301 1018 363 -1 -1 -1 -1 
189 11 1040 456 1179 574 -1 -1 -1 -1 
189 13 849 355 932 426 -1 -1 -1 -1 
189 19 588 628 883 857 -1 -1 -1 -1 
190 8 792 410 898 500 -1 -1 -1 -1 
190 10 943 299 1021 359 -1 -1 -1 -1 
190 11 1042 454 1181 572 -1 -1 -1 -1 
190 13 850 353 933 424 -1 -1 -1 -1 
190 19 595 621 878 845 -1 -1 -1 -1 
191 8 792 407 901 498 -1 -1 -1 -1 
191 10 946 298 1023 358 -1 -1 -1 -1 
191 11 1046 453 1183 568 -1 -1 -1 -1 
191 13 853 353 933 422 -1 -1 -1 -1 
191 19 599 614 875 838 -1 -1 -1 -1 
192 8 794 404 903 495 -1 -1 -1 -1 
192 10 949 297 1025 357 -1 -1 -1 -1 
192 11 1050 451 1186 565 -1 -1 -1 -1 
192 13 855 351 934 419 -1 -1 -1 -1 
192 19 605 607 867 824 -1 -1 -1 -1 
193 8 797 402 905 494 -1 -1 -1 -1 
193 10 952 296 1026 354 -1 -1 -1 -1 
193 11 1052 449 1188 562 -1 -1 -1 -1 
193 13 857 349 936 416 -1 -1 -1 -1 
193 19 612 599 864 812 -1 -1 -1 -1 
194 8 798 401 904 491 -1 -1 -1 -1 
194 10 954 296 1026 352 -1 -1 -1 -1 
194 11 1054 447 1191 560 -1 -1 -1 -1 
194 13 856 347 940 417 -1 -1 -1 -1 
194 19 620 590 863 800 -1 -1 -1 -1 
195 8 800 399 905 487 -1 -1 -1 -1 
195 9 1033 331 1115 401 -1 -1 -1 -1 
195 10 955 295 1027 351 -1 -1 -1 -1 
195 11 1056 446 1194 560 -1 -1 -1 -1 
195 13 859 346 943 417 -1 -1 -1 -1 
195 19 623 575 867 789 -1 -1 -1 -1 
196 8 804 397 906 482 -1 -1 -1 -1 
196 9 1033 328 1116 398 -1 -1 -1 -1 
196 10 956 293 1028 349 -1 -1 -1 -1 
196 11 1059 445 1197 558 -1 -1 -1 -1 
196 13 861 345 946 417 -1 -1 -1 -1 
196 19 635 575 862 777 -1 -1 -1 -1 
197 8 805 394 910 481 -1 -1 -1 -1 
197 9 1035 326 1117 395 -1 -1 -1 -1 
197 10 958 292 1031 349 -1 -1 -1 -1 
197 11 1060 444 1199 558 -1 -1 -1 -1 
197 13 863 344 948 417 -1 -1 -1 -1 
197 19 642 571 860 768 -1 -1 -1 -1 
198 8 807 393 911 479 -1 -1 -1 -1 
198 9 1036 323 1120 393 -1 -1 -1 -1 
198 10 960 291 1032 348 -1 -1 -1 -1 
198 11 1062 443 1202 557 -1 -1 -1 -1 
198 13 865 344 949 415 -1 -1 -1 -1 
198 19 647 568 860 761 -1 -1 -1 -1 
199 8 809 392 914 479 -1 -1 -1 -1 
199 9 1037 323 1120 391 -1 -1 -1 -1 
199 10 963 290 1035 348 -1 -1 -1 -1 
199 11 1065 442 1205 557 -1 -1 -1 -1 
199 13 866 343 949 414 -1 -1 -1 -1 
199 19 651 562 859 752 -1 -1 -1 -1 
200 8 813 389 914 472 -1 -1 -1 -1 
200 9 1040 324 1121 390 -1 -1 -1 -1 
200 10 966 289 1037 347 -1 -1 -1 -1 
200 11 1068 442 1207 555 -1 -1 -1 -1 
200 13 870 341 952 412 -1 -1 -1 -1 
200 19 658 555 860 742 -1 -1 -1 -1 
201 8 814 383 918 469 -1 -1 -1 -1 
201 9 1041 322 1122 388 -1 -1 -1 -1 
201 10 968 289 1038 345 -1 -1 -1 -1 
201 11 1071 441 1209 552 -1 -1 -1 -1 
201 13 872 339 953 408 -1 -1 -1 -1 
201 19 660 548 861 734 -1 -1 -1 -1 
202 8 814 380 921 467 -1 -1 -1 -1 
202 9 1043 322 1124 389 -1 -1 -1 -1 
202 10 970 289 1039 345 -1 -1 -1 -1 
202 11 1073 439 1212 552 -1 -1 -1 -1 
202 13 876 338 951 402 -1 -1 -1 -1 
202 19 664 543 860 726 -1 -1 -1 -1 
203 8 816 377 922 464 -1 -1 -1 -1 
203 9 1044 320 1126 387 -1 -1 -1 -1 
203 10 973 288 1040 343 -1 -1 -1 -1 
203 11 1076 437 1214 548 -1 -1 -1 -1 
203 13 881 337 951 395 -1 -1 -1 -1 
203 19 668 537 860 718 -1 -1 -1 -1 
204 8 818 376 923 462 -1 -1 -1 -1 
204 9 1045 317 1127 384 -1 -1 -1 -1 
204 10 975 288 1043 342 -1 -1 -1 -1 
204 11 1077 436 1217 548 -1 -1 -1 -1 
204 13 885 335 953 393 -1 -1 -1 -1 
204 19 673 535 859 711 -1 -1 -1 -1 
205 8 820 376 924 461 -1 -1 -1 -1 
205 9 1047 317 1128 383 -1 -1 -1 -1 
205 10 978 287 1043 340 -1 -1 -1 -1 
205 11 1080 436 1219 548 -1 -1 -1 -1 
205 13 886 334 957 393 -1 -1 -1 -1 
205 19 676 530 858 704 -1 -1 -1 -1 
206 7 192 331 227 369 -1 -1 -1 -1 
206 8 824 374 924 455 -1 -1 -1 -1 
206 9 1048 315 1129 381 -1 -1 -1 -1 
206 10 980 286 1046 339 -1 -1 -1 -1 
206 11 1083 434 1221 546 -1 -1 -1 -1 
206 13 888 332 959 392 -1 -1 -1 -1 
206 19 678 525 859 698 -1 -1 -1 -1 
207 7 192 329 226 367 -1 -1 -1 -1 
207 8 826 371 925 452 -1 -1 -1 -1 
207 9 1051 314 1133 382 -1 -1 -1 -1 
207 10 981 284 1049 337 -1 -1 -1 -1 
207 11 1084 433 1221 543 -1 -1 -1 -1 
207 13 891 332 961 392 -1 -1 -1 -1 
207 19 684 521 858 687 -1 -1 -1 -1 
208 7 191 327 225 365 -1 -1 -1 -1 
208 8 829 370 927 449 -1 -1 -1 -1 
208 9 1053 315 1134 380 -1 -1 -1 -1 
208 10 985 283 1056 338 -1 -1 -1 -1 
208 11 1086 432 1223 543 -1 -1 -1 -1 
208 13 892 331 964 391 -1 -1 -1 -1 
208 19 689 518 857 679 -1 -1 -1 -1 
209 8 831 369 929 448 -1 -1 -1 -1 
209 9 1055 314 1135 379 -1 -1 -1 -1 
209 10 988 283 1058 337 -1 -1 -1 -1 
209 11 1088 430 1226 541 -1 -1 -1 -1 
209 13 894 330 967 391 -1 -1 -1 -1 
209 19 689 512 858 674 -1 -1 -1 -1 
210 8 831 368 932 449 -1 -1 -1 -1 
210 10 990 282 1061 337 -1 -1 -1 -1 
210 11 1090 429 1228 539 -1 -1 -1 -1 
210 13 898 331 970 391 -1 -1 -1 -1 
210 19 692 507 860 668 -1 -1 -1 -1 
211 8 835 366 932 444 -1 -1 -1 -1 
211 10 991 280 1065 338 -1 -1 -1 -1 
211 11 1093 427 1230 537 -1 -1 -1 -1 
211 13 899 329 973 390 -1 -1 -1 -1 
211 19 695 496 864 660 -1 -1 -1 -1 
212 8 838 365 934 441 -1 -1 -1 -1 
212 10 992 279 1063 334 -1 -1 -1 -1 
212 11 1095 426 1233 537 -1 -1 -1 -1 
212 13 901 328 974 388 -1 -1 -1 -1 
212 19 698 492 864 653 -1 -1 -1 -1 
213 8 842 364 937 440 -1 -1 -1 -1 
213 10 994 278 1063 331 -1 -1 -1 -1 
213 11 1099 425 1232 531 -1 -1 -1 -1 
213 13 903 329 974 387 -1 -1 -1 -1 
213 19 703 490 865 647 -1 -1 -1 -1 
214 8 843 362 940 439 -1 -1 -1 -1 
214 10 998 277 1067 330 -1 -1 -1 -1 
214 11 1098 423 1236 534 -1 -1 -1 -1 
214 13 903 326 977 386 -1 -1 -1 -1 
214 19 709 487 866 639 -1 -1 -1 -1 
215 8 843 360 944 440 -1 -1 -1 -1 
215 9 1065 310 1139 371 -1 -1 -1 -1 
215 10 1001 278 1071 330 -1 -1 -1 -1 
215 11 1100 422 1238 534 -1 -1 -1 -1 
215 13 904 323 980 384 -1 -1 -1 -1 
215 19 711 482 869 635 -1 -1 -1 -1 
216 8 846 356 945 436 -1 -1 -1 -1 
216 9 1068 311 1139 369 -1 -1 -1 -1 
216 10 1004 277 1072 328 -1 -1 -1 -1 
216 11 1101 421 1237 530 -1 -1 -1 -1 
216 13 909 320 980 378 -1 -1 -1 -1 
216 19 715 478 868 627 -1 -1 -1 -1 
217 8 849 354 946 432 -1 -1 -1 -1 
217 9 1069 310 1140 368 -1 -1 -1 -1 
217 10 1005 277 1073 327 -1 -1 -1 -1 
217 11 1103 419 1237 529 -1 -1 -1 -1 
217 13 913 319 982 374 -1 -1 -1 -1 
217 19 718 475 869 621 -1 -1 -1 -1 
218 8 850 352 948 432 -1 -1 -1 -1 
218 10 1005 276 1074 327 -1 -1 -1 -1 
218 11 1106 419 1237 525 -1 -1 -1 -1 
218 13 914 315 985 373 -1 -1 -1 -1 
218 19 723 473 870 615 -1 -1 -1 -1 
219 8 853 350 950 429 -1 -1 -1 -1 
219 10 1007 276 1075 326 -1 -1 -1 -1 
219 11 1107 418 1238 524 -1 -1 -1 -1 
219 13 916 314 988 373 -1 -1 -1 -1 
219 19 726 468 872 609 -1 -1 -1 -1 
220 8 857 350 951 426 -1 -1 -1 -1 
220 9 1076 315 1143 368 -1 -1 -1 -1 
220 10 1010 276 1077 325 -1 -1 -1 -1 
220 11 1108 417 1238 522 -1 -1 -1 -1 
220 13 920 314 988 370 -1 -1 -1 -1 
220 19 729 465 874 604 -1 -1 -1 -1 
221 8 860 348 953 423 -1 -1 -1 -1 
221 9 1077 316 1142 367 -1 -1 -1 -1 
221 11 1109 417 1239 522 -1 -1 -1 -1 
221 13 923 313 992 370 -1 -1 -1 -1 
221 19 729 458 877 601 -1 -1 -1 -1 
222 8 862 347 955 421 -1 -1 -1 -1 
222 9 1078 315 1142 366 -1 -1 -1 -1 
222 11 1111 416 1241 522 -1 -1 -1 -1 
222 13 924 312 994 369 -1 -1 -1 -1 
222 19 730 452 880 596 -1 -1 -1 -1 
223 8 866 346 956 418 -1 -1 -1 -1 
223 9 1079 314 1145 367 -1 -1 -1 -1 
223 11 1112 415 1242 520 -1 -1 -1 -1 
223 13 926 311 998 370 -1 -1 -1 -1 
223 19 732 450 882 595 -1 -1 -1 -1 
224 8 869 346 957 416 -1 -1 -1 -1 
224 9 1080 312 1148 366 -1 -1 -1 -1 
224 11 1115 414 1244 519 -1 -1 -1 -1 
224 13 926 310 1000 371 -1 -1 -1 -1 
224 19 739 450 881 587 -1 -1 -1 -1 
225 8 869 342 961 416 -1 -1 -1 -1 
225 9 1082 312 1149 365 -1 -1 -1 -1 
225 11 1117 413 1244 517 -1 -1 -1 -1 
225 13 929 310 1000 369 -1 -1 -1 -1 
225 19 743 446 882 580 -1 -1 -1 -1 
226 8 872 341 964 415 -1 -1 -1 -1 
226 9 1085 311 1151 363 -1 -1 -1 -1 
226 11 1119 412 1244 515 -1 -1 -1 -1 
226 13 932 310 1000 366 -1 -1 -1 -1 
226 19 747 444 883 574 -1 -1 -1 -1 
227 8 874 341 965 413 -1 -1 -1 -1 
227 9 1085 311 1150 361 -1 -1 -1 -1 
227 11 1119 412 1244 514 -1 -1 -1 -1 
227 13 935 309 1003 365 -1 -1 -1 -1 
227 19 749 440 885 570 -1 -1 -1 -1 
228 8 876 339 968 413 -1 -1 -1 -1 
228 9 1090 310 1150 356 -1 -1 -1 -1 
228 11 1120 413 1245 515 -1 -1 -1 -1 
228 13 938 309 1003 363 -1 -1 -1 -1 
228 19 751 437 887 567 -1 -1 -1 -1 
229 8 877 337 971 412 -1 -1 -1 -1 
229 9 1093 309 1152 355 -1 -1 -1 -1 
229 11 1121 413 1245 514 -1 -1 -1 -1 
229 13 940 308 1006 363 -1 -1 -1 -1 
229 19 756 435 886 559 -1 -1 -1 -1 
230 8 880 336 972 410 -1 -1 -1 -1 
230 9 1094 309 1153 354 -1 -1 -1 -1 
230 11 1123 413 1245 513 -1 -1 -1 -1 
230 13 943 308 1009 362 -1 -1 -1 -1 
230 19 760 435 887 555 -1 -1 -1 -1 
231 8 884 335 973 406 -1 -1 -1 -1 
231 9 1095 308 1154 352 -1 -1 -1 -1 
231 11 1124 411 1245 511 -1 -1 -1 -1 
231 13 947 306 1011 359 -1 -1 -1 -1 
231 19 761 431 891 553 -1 -1 -1 -1 
232 8 888 333 974 402 -1 -1 -1 -1 
232 9 1096 307 1157 351 -1 -1 -1 -1 
232 11 1125 410 1246 510 -1 -1 -1 -1 
232 13 948 305 1013 359 -1 -1 -1 -1 
232 19 763 428 890 548 -1 -1 -1 -1 
233 8 891 332 975 398 -1 -1 -1 -1 
233 9 1099 307 1159 350 -1 -1 -1 -1 
233 11 1126 409 1247 508 -1 -1 -1 -1 
233 13 950 304 1014 358 -1 -1 -1 -1 
233 19 762 423 892 546 -1 -1 -1 -1 
234 8 893 330 977 396 -1 -1 -1 -1 
234 9 1100 307 1161 349 -1 -1 -1 -1 
234 11 1125 407 1246 507 -1 -1 -1 -1 
234 13 954 303 1016 355 -1 -1 -1 -1 
234 19 765 418 896 542 -1 -1 -1 -1 
235 8 895 329 979 395 -1 -1 -1 -1 
235 9 1102 306 1162 348 -1 -1 -1 -1 
235 11 1126 406 1247 508 -1 -1 -1 -1 
235 13 956 302 1019 354 -1 -1 -1 -1 
235 19 768 417 897 538 -1 -1 -1 -1 
236 8 898 328 981 391 -1 -1 -1 -1 
236 9 1101 305 1163 348 -1 -1 -1 -1 
236 11 1127 406 1246 506 -1 -1 -1 -1 
236 13 958 300 1022 353 -1 -1 -1 -1 
236 19 773 413 899 532 -1 -1 -1 -1 
237 8 901 327 983 391 -1 -1 -1 -1 
237 9 1103 304 1164 347 -1 -1 -1 -1 
237 11 1129 407 1248 507 -1 -1 -1 -1 
237 13 961 299 1024 351 -1 -1 -1 -1 
237 19 776 411 900 528 -1 -1 -1 -1 
238 8 903 325 987 389 -1 -1 -1 -1 
238 11 1130 408 1248 506 -1 -1 -1 -1 
238 13 963 299 1027 352 -1 -1 -1 -1 
238 19 780 410 901 524 -1 -1 -1 -1 
239 8 905 323 991 388 -1 -1 -1 -1 
239 11 1132 409 1245 503 -1 -1 -1 -1 
239 13 964 296 1029 350 -1 -1 -1 -1 
239 19 781 406 905 522 -1 -1 -1 -1 
240 8 908 321 994 387 -1 -1 -1 -1 
240 11 1134 410 1244 502 -1 -1 -1 -1 
240 13 966 295 1032 350 -1 -1 -1 -1 
240 19 784 404 907 520 -1 -1 -1 -1 
241 8 910 322 996 387 -1 -1 -1 -1 
241 11 1134 407 1241 496 -1 -1 -1 -1 
241 13 967 295 1033 350 -1 -1 -1 -1 
241 19 787 402 907 514 -1 -1 -1 -1 
242 8 910 320 998 387 -1 -1 -1 -1 
242 11 1136 405 1238 490 -1 -1 -1 -1 
242 13 970 295 1035 350 -1 -1 -1 -1 
242 19 788 399 908 510 -1 -1 -1 -1 
243 8 912 319 1001 387 -1 -1 -1 -1 
243 11 1137 404 1238 488 -1 -1 -1 -1 
243 13 971 294 1038 350 -1 -1 -1 -1 
243 19 792 397 910 507 -1 -1 -1 -1 
244 8 916 318 1005 387 -1 -1 -1 -1 
244 11 1139 408 1235 487 -1 -1 -1 -1 
244 13 973 293 1039 349 -1 -1 -1 -1 
244 19 794 394 912 503 -1 -1 -1 -1 
245 8 919 318 1007 386 -1 -1 -1 -1 
245 11 1138 407 1235 485 -1 -1 -1 -1 
245 13 976 293 1042 349 -1 -1 -1 -1 
245 19 797 392 915 501 -1 -1 -1 -1 
246 8 921 315 1008 383 -1 -1 -1 -1 
246 11 1139 407 1234 483 -1 -1 -1 -1 
246 13 979 292 1043 347 -1 -1 -1 -1 
246 19 799 391 917 500 -1 -1 -1 -1 
247 8 923 314 1009 381 -1 -1 -1 -1 
247 13 981 292 1045 347 -1 -1 -1 -1 
247 19 799 388 920 498 -1 -1 -1 -1 
248 8 927 314 1010 379 -1 -1 -1 -1 
248 11 1130 400 1242 492 -1 -1 -1 -1 
248 13 981 290 1047 347 -1 -1 -1 -1 
248 19 802 384 924 495 -1 -1 -1 -1 
249 8 929 312 1011 375 -1 -1 -1 -1 
249 11 1130 398 1242 491 -1 -1 -1 -1 
249 13 985 289 1050 346 -1 -1 -1 -1 
249 19 806 382 924 489 -1 -1 -1 -1 
250 8 932 312 1012 374 -1 -1 -1 -1 
250 11 1132 397 1238 485 -1 -1 -1 -1 
250 13 986 289 1053 346 -1 -1 -1 -1 
250 19 808 381 926 488 -1 -1 -1 -1 
251 8 934 311 1014 372 -1 -1 -1 -1 
251 11 1132 396 1238 484 -1 -1 -1 -1 
251 13 987 290 1054 347 -1 -1 -1 -1 
251 19 809 378 932 490 -1 -1 -1 -1 
252 8 937 310 1016 370 -1 -1 -1 -1 
252 13 990 288 1056 344 -1 -1 -1 -1 
252 19 812 375 934 487 -1 -1 -1 -1 
253 8 940 309 1019 368 -1 -1 -1 -1 
253 13 995 287 1059 342 -1 -1 -1 -1 
253 19 815 373 933 481 -1 -1 -1 -1 
254 8 944 308 1022 367 -1 -1 -1 -1 
254 13 996 286 1060 341 -1 -1 -1 -1 
254 19 818 370 934 476 -1 -1 -1 -1 
255 8 946 308 1024 366 -1 -1 -1 -1 
255 13 999 286 1061 340 -1 -1 -1 -1 
255 19 820 369 936 474 -1 -1 -1 -1 
256 8 949 308 1026 365 -1 -1 -1 -1 
256 13 1002 285 1063 339 -1 -1 -1 -1 
256 19 823 368 936 471 -1 -1 -1 -1 
257 8 952 308 1027 364 -1 -1 -1 -1 
257 13 1004 284 1065 337 -1 -1 -1 -1 
257 19 826 367 937 466 -1 -1 -1 -1 
258 8 953 306 1030 363 -1 -1 -1 -1 
258 13 1006 284 1065 336 -1 -1 -1 -1 
258 19 829 365 937 461 -1 -1 -1 -1 
259 8 956 304 1031 360 -1 -1 -1 -1 
259 13 1007 283 1064 333 -1 -1 -1 -1 
259 19 834 363 941 458 -1 -1 -1 -1 
260 8 958 303 1034 358 -1 -1 -1 -1 
260 13 1010 283 1068 333 -1 -1 -1 -1 
260 19 835 362 942 456 -1 -1 -1 -1 
261 8 960 301 1037 357 -1 -1 -1 -1 
261 13 1011 280 1070 332 -1 -1 -1 -1 
261 19 837 360 943 453 -1 -1 -1 -1 
262 8 963 300 1040 356 -1 -1 -1 -1 
262 13 1013 280 1070 330 -1 -1 -1 -1 
262 19 840 359 946 452 -1 -1 -1 -1 
263 8 965 301 1042 357 -1 -1 -1 -1 
263 13 1014 279 1071 328 -1 -1 -1 -1 
263 19 841 356 949 451 -1 -1 -1 -1 
264 8 966 300 1044 356 -1 -1 -1 -1 
264 11 1140 393 1229 466 -1 -1 -1 -1 
264 13 1015 278 1070 325 -1 -1 -1 -1 
264 19 845 354 951 448 -1 -1 -1 -1 
265 8 969 300 1046 356 -1 -1 -1 -1 
265 11 1140 393 1229 465 -1 -1 -1 -1 
265 13 1017 277 1071 324 -1 -1 -1 -1 
265 19 848 354 952 445 -1 -1 -1 -1 
266 8 971 300 1048 355 -1 -1 -1 -1 
266 11 1140 393 1229 464 -1 -1 -1 -1 
266 19 850 353 952 443 -1 -1 -1 -1 
267 8 974 300 1048 353 -1 -1 -1 -1 
267 11 1139 394 1230 467 -1 -1 -1 -1 
267 19 853 351 954 440 -1 -1 -1 -1 
268 8 978 301 1049 352 -1 -1 -1 -1 
268 11 1138 394 1231 468 -1 -1 -1 -1 
268 19 855 350 955 438 -1 -1 -1 -1 
269 8 978 299 1053 352 -1 -1 -1 -1 
269 11 1139 394 1232 467 -1 -1 -1 -1 
269 19 857 348 958 436 -1 -1 -1 -1 
270 8 977 297 1054 351 -1 -1 -1 -1 
270 11 1138 394 1231 466 -1 -1 -1 -1 
270 19 859 346 958 434 -1 -1 -1 -1 
271 8 979 296 1055 350 -1 -1 -1 -1 
271 11 1138 393 1233 467 -1 -1 -1 -1 
271 19 862 344 960 429 -1 -1 -1 -1 
272 8 983 293 1060 347 -1 -1 -1 -1 
272 11 1137 393 1234 469 -1 -1 -1 -1 
272 19 867 342 965 428 -1 -1 -1 -1 
273 8 987 291 1064 346 -1 -1 -1 -1 
273 11 1137 393 1234 469 -1 -1 -1 -1 
273 19 869 341 968 427 -1 -1 -1 -1 
274 8 991 294 1064 346 -1 -1 -1 -1 
274 11 1138 393 1234 468 -1 -1 -1 -1 
274 19 871 339 968 424 -1 -1 -1 -1 
275 8 994 291 1071 347 -1 -1 -1 -1 
275 11 1138 393 1234 467 -1 -1 -1 -1 
275 19 873 338 971 422 -1 -1 -1 -1 
276 8 996 290 1073 346 -1 -1 -1 -1 
276 11 1140 392 1232 463 -1 -1 -1 -1 
276 19 875 335 974 420 -1 -1 -1 -1 
277 8 999 289 1075 344 -1 -1 -1 -1 
277 11 1140 393 1231 463 -1 -1 -1 -1 
277 19 878 335 975 418 -1 -1 -1 -1 
278 8 1000 287 1078 344 -1 -1 -1 -1 
278 11 1141 393 1232 463 -1 -1 -1 -1 
278 19 879 333 978 418 -1 -1 -1 -1 
279 8 1003 288 1080 343 -1 -1 -1 -1 
279 11 1141 393 1231 462 -1 -1 -1 -1 
279 19 881 333 980 418 -1 -1 -1 -1 
280 8 1006 287 1081 341 -1 -1 -1 -1 
280 11 1141 393 1230 461 -1 -1 -1 -1 
280 19 882 331 980 417 -1 -1 -1 -1 
281 8 1007 285 1084 342 -1 -1 -1 -1 
281 19 884 330 982 415 -1 -1 -1 -1 
282 8 1010 284 1088 341 -1 -1 -1 -1 
282 19 888 328 983 411 -1 -1 -1 -1 
283 8 1014 282 1091 339 -1 -1 -1 -1 
283 19 892 328 986 409 -1 -1 -1 -1 
284 8 1016 282 1092 338 -1 -1 -1 -1 
284 19 895 327 986 406 -1 -1 -1 -1 
285 8 1018 281 1094 338 -1 -1 -1 -1 
285 11 1142 393 1231 459 -1 -1 -1 -1 
285 19 897 326 989 404 -1 -1 -1 -1 
286 8 1020 280 1094 335 -1 -1 -1 -1 
286 11 1141 392 1231 459 -1 -1 -1 -1 
286 19 899 324 991 404 -1 -1 -1 -1 
287 8 1022 280 1096 334 -1 -1 -1 -1 
287 11 1141 392 1231 459 -1 -1 -1 -1 
287 19 902 323 994 402 -1 -1 -1 -1 
288 11 1138 392 1233 462 -1 -1 -1 -1 
288 19 904 320 996 398 -1 -1 -1 -1 
289 11 1137 392 1234 463 -1 -1 -1 -1 
289 19 907 319 996 394 -1 -1 -1 -1 
290 11 1137 392 1234 463 -1 -1 -1 -1 
290 19 909 317 998 392 -1 -1 -1 -1 
291 11 1138 392 1233 461 -1 -1 -1 -1 
291 19 910 314 1002 392 -1 -1 -1 -1 
292 11 1139 391 1232 459 -1 -1 -1 -1 
292 19 912 314 1003 391 -1 -1 -1 -1 
293 11 1140 392 1230 457 -1 -1 -1 -1 
293 19 914 312 1006 390 -1 -1 -1 -1 
294 11 1140 392 1231 457 -1 -1 -1 -1 
294 19 915 310 1009 390 -1 -1 -1 -1 
295 11 1140 392 1231 457 -1 -1 -1 -1 
295 19 918 309 1010 389 -1 -1 -1 -1 
296 11 1139 391 1231 457 -1 -1 -1 -1 
296 19 920 309 1010 387 -1 -1 -1 -1 
297 11 1139 391 1231 457 -1 -1 -1 -1 
297 19 922 308 1011 385 -1 -1 -1 -1 
298 11 1140 391 1230 456 -1 -1 -1 -1 
298 19 924 307 1011 383 -1 -1 -1 -1 
299 11 1140 391 1231 456 -1 -1 -1 -1 
299 19 928 307 1013 382 -1 -1 -1 -1 
